100036736974335
100031302576339
100025003790874
100016033953468
100036587828007
100036903403954
100035612692544
100034264523881
100037003747587
100031286233988
100031260673396
100006179012839
100030296483625
100037080871797
100036859816007
100036822452451
100036779241165
100036749543128
100036221770850
100026652847374
100026342872430
100019138652707
100012212434666
1148156890
100036601863307
100034889190202
100028494434274
100001438154505
100036534423599
100036642140020
100013221528015
100003965854968
100027583192842
100036880632955
100035340227981
100034745221307
100036999607460
100029779632358
100021867908510
100006590460718
100036507613921
100036908259045
100026761661212
100035908471616
100037026122278
100024435977333
100000532333992
100036480465985
100025310321799
100035381851257
100013038522197
100027900312761
100036838751522
100013199980284
100008130757906
100036912879078
100036892002470
100036874507519
100036295612489
100031300144107
100023469752987
100016432806390
100009984395393
100007804530627
100005502214716
100027571606683
100013725319006
100026531521293
100036035089427
100036751132280
100036505941877
100007530793580
100000048910274
100035481931261
100034209221812
100027687370981
100036817067545
100030372186611
100010379118242
100025170816590
100036835756107
100015375122481
100035681093979
100014077541109
100036955414499
100036913571472
100036828226785
100036711144066
100036377420914
100036201063097
100035560960757
100001218694930
100012981158034
100035555538395
100034950033741
100034950023518
100034184161223
100033353141963
100027410916361
100026749723414
100025220683533
100018771306932
100010556773170
100010340597712
100003687909089
100036920790499
100036813046877
100036800499241
100035893150559
100027293917212
100027288426621
100026275607328
100025959125892
100014748524899
100013354145939
100035074279075
100036735682606
100037005365556
100036722183150
100034905399789
100024984044307
100009962434112
100036779807029
100031149676548
100030341894467
100028150761680
100023445249168
100016453415900
100036845107292
100036762770704
100035510893369
100034707530114
100025896831341
100036952598818
100036927577435
100036844395296
100034479821515
100011251994790
100033360220208
100037053002385
100036982686833
100036870163596
100036856514303
100036853514595
100036792948446
100036753349309
100036599917328
100036467000697
100035950564652
100035920749765
100035780201159
100035241401478
100034438243126
100034047541232
100033527499569
100032201227270
100029127270668
100027530652108
100026977879467
100021727429351
100018243305178
100013113582954
100012581535494
100009799650701
100005066407090
100004933052826
100004805681252
100036946149011
100036820276733
100015025338212
100011865874582
100009458266047
100036692693130
100036552377024
100030941954586
100024256156529
100005994904095
100036895032241
100036805830698
100035479013023
100035295581586
100035261273695
100034891971511
100034554173861
100033094083454
100031581824482
100007181340894
100002497040926
100000781266637
100036884982466
100036839565103
100035428232194
100035117646481
100028895210846
100026985797120
100023473365666
100007867953405
100007439735022
100005992875658
100000827383314
100010022556895
100036910801590
100030126999652
100033680780523
100009400787356
100015362043771
100035090235638
100035827692636
100021494282935
100022293812825
100015842357875
100036943898499
100036929526488
100035730291220
100032771207923
100026405929756
100024432430726
100002387244534
100037015203504
100036901507719
100036792251641
100036732291255
100036227010922
100035897374274
100035825898729
100033634988417
100028970902004
100028226213688
100025861583502
100023606143383
100021567734746
100012750494264
100011206519202
100009807821112
100036797625827
100037059570663
100036350092246
100035599312520
100004251695454
100031741099302
100016030743831
100036925868611
100025473900194
100024024794622
100036691853750
100028052191291
100024701384413
100023436639116
100021383299780
100010361582881
100022294502812
100036651863889
100036688583833
100036640784633
100036890620693
100035700391688
100015686472575
100027354408070
100035198917177
100034862994222
100018616754116
100009801195594
100008047382421
100036554293377
100030801007714
100009516864628
100036706640204
100035860452560
100002101836639
100036910779434
100036834823728
100035064112429
100026386072162
100013828502596
100036751061816
100035859543075
100022935410254
100013525954743
100028331133095
100036006048141
100036758268673
100036767088007
100023185203146
100019159419238
100012828363129
100034574404255
100026041824193
100021769725734
100036069222887
100036550254091
100036764293813
100001538545940
100035229796907
100030835642505
100036794828375
100036494561413
100021924317473
100022029967866
100011282342671
100014398457910
100036368266089
100036771767335
100036979113179
100037043010561
100031942360688
100035787405081
100032128807651
100015157056141
100004301490924
100018539834413
100026012601901
100000434841706
100036832033350
100036491891720
100036840940925
100025847133367
100032978468132
100021582190204
100017459136842
100014792041508
100013979492351
100013974727110
100011716661622
100033406596013
100035687856125
100035631680854
100022436194219
100036801345718
100036784651273
100035277111685
100010116335383
100035412091492
100027934996854
100036653657737
100035170967597
100035491643993
100034451802490
100014161302694
100003745702823
100033888181178
100026872180304
100004123691375
100034323230711
100036294713473
100036956705749
100036688760286
100034807306224
100024553103575
100024071202779
100011718874796
100004734314936
100036838242490
100036803887777
100033286113595
100004841115910
100023031665107
100026514853167
100035178252522
100031145382904
100030728866050
100029721136620
100027471049461
100036702291215
100035664092252
100006670749012
100036426549730
100031244147098
100035212179102
100034483061130
100035306479807
100036764626279
100037023330371
100013691708461
100022889319853
100031713923859
100036046991793
100035899390186
100035549318609
100035427191392
100035181704599
100034721520068
100034387246676
100023786267135
100019492989538
100009581478579
100006533263520
100005259390737
100018528003769
100036908437347
100022361752173
100010348361943
100036872106639
100036836316039
100018215983495
100015595656422
100004199802336
100031636990742
100029368686498
100025376796780
100033231073493
100030506200210
100022269174253
100036689931377
100029241217394
100004327720599
100022915579825
100035882493583
100011489061742
100036795073926
100036767805531
100036096013545
100036916744277
100021108077160
100032979974592
100036654652868
100036692060477
100036732580198
100036737206976
100036815710222
100006533806398
100021139060421
100003473288172
100017942533255
100034840309684
100021476509310
100024022213275
100033383498168
100025729554116
100024220663651
100034704550108
100034864461512
100032812668137
100030927735244
100002734942821
100031854942961
100034384999323
100036902675565
100030830195033
100025201604099
100018897315939
100007833970099
100036268366161
100022650110123
100036672920408
100034149412570
100027613742125
100017076824182
100007831247522
100030349396559
100018475950990
100025702401903
100027829463300
100035635381294
100029474662342
100036857228720
100036716144774
100022901255387
100015746053609
100007198114170
100011333283853
100026312525831
100004152843816
100005631308494
100008394529417
100022319742054
100021020586558
100006263505968
100036883746767
100036743985276
100036626962785
100036282976003
100035824551940
100032138781080
100029604141263
100028545696667
100026547936719
100021620331282
100015451291643
100010670867741
100007845469340
100005950928916
100002258718346
100029034850273
100026771321511
100024996761548
100035344512790
100016851797732
100036985860397
100034483412664
100032896578143
100036765944110
100034963563902
100036694398669
100036652431596
100035981508282
100025774899930
100013374696640
100026800142641
100021725448647
100036910744812
100036886715970
100036788261735
100036612157123
100034937423099
100031251668485
100029837946266
100028752990077
100024968720668
100017694811325
100015434593166
100009600796266
100004765269736
100003620618248
100016113311136
100027503400462
100026575906978
100031097808784
100026368541703
100034931806459
100036018814996
100035270410390
100036721516231
100035184892457
100028263587713
100022666909555
100011146189190
100036472847872
100034993040869
100005914024244
100025538436720
100036707492885
100025153873019
100036914254049
100036880986112
100036517193729
100036283194212
100035860715009
100026001544531
100025363384102
100016157389057
100014353600787
100011444656051
100009508698523
100014608183860
100036897994928
100035682064996
100033116910814
100029251171526
100028439085259
100036341984659
100034369275596
100028401433805
100036905914290
100036738132604
100036718449838
100036693009264
100036054423903
100035653783948
100034756005680
100015252765528
100014658102090
100011506007027
100030973657516
100013160523759
100010627051497
100036026731799
100031885232612
100031885205651
100007021274693
100001647214081
100003460841059
100036707955692
100030231854955
100035920334367
100026360072997
100024349512801
100015236531530
100036835866457
100027435250690
100036630350022
100014979091737
100036631727492
100033274659017
100031706573561
100035871797158
100035649222755
100006898452392
100004493280284
100036708105375
100036491604161
100033462365364
100036190987012
100036256780594
100034270728839
100036437061136
100013858740342
100035216004334
100036748602344
100036554891821
100034514898574
100028035816924
100022810520912
100021349441304
100017645497116
100016538316184
100036830256973
100036710414752
100036697685820
100036332887954
100031329439957
100026803508236
100015084630294
100011397665425
100001359153501
100022504573787
100021931843700
100023910345261
100033030226064
100036895053222
100036608631385
100016818074721
100036025253285
100036562314142
100025202311420
100024699466848
100011026140111
100023510161708
100032475220656
100010132771691
100035087168484
100024513221261
100036739566010
100036548334386
100035343710681
100033739478140
100007689736743
100023277125008
100023709558448
100036514062136
100030642043063
100034048837107
100031734945088
100036912061036
100036769420084
100036221267946
100029503990728
100021518619846
100010555356631
100000431016224
100036264165193
100036400631657
100036789338409
100036420692846
100036586822020
100035638112535
100036676516381
100035378558394
100014520101331
100005944059681
100001928700530
100018649575182
100029113904794
100014386991306
100021604591879
100036818886398
100036698257832
100035168855194
100031156937827
100031017255255
100036288256241
100036676395120
100036680985809
100036788735997
100036883500505
100035296780358
100010022580026
100030978677869
100023363742177
100036698262198
100033431782049
100034750246645
100036893371972
100015961866452
100023886291791
100032643914828
100036885121215
100036624048724
100036305978271
100034487496746
100014207895423
100006666314201
100034331135878
100031511103062
100036796117706
100035168783375
100033179794632
100032950660181
100029369643582
100001721431729
100034213505275
100004979440507
100036609709312
100036485510186
100014786942686
100008801888823
100036757568272
100036548584210
100031900232840
100030637913780
100008005803824
100011066327965
100021591647401
100027961521846
100027790641051
100036459923371
100036613038714
100036694753950
100036771878578
100035431237820
100034613407116
100024069113090
100036597289872
100036557117347
100036768907511
100015569388309
100036676514807
100030997186281
100002889860809
100028727986281
100035424848287
100036636641838
100033727832075
100035657204277
100034829131007
100033539361876
100024909914724
100014133887948
100012436278977
100035076871847
100008160489031
100022653004626
100036619668254
100035869448385
100034294113374
100004095308813
100033844893099
100036688183456
100022299503572
100035137325710
100034442386451
100036524211796
100036357532057
100036283578677
100035483520431
100035177436125
100035060358193
100032230695690
100028123522927
100036744426712
100036669794491
100036584899216
100036518483728
100036079214647
100035290961157
100035116459230
100032171318871
100032050397632
100031541870049
100021939883879
100014307733842
100005314428176
100015179703697
100035701188348
100024861167848
100022995844314
100027530088733
100036813124427
100005012410837
100036154208620
100006676089931
100029201528576
100024325425868
100003135051503
100001302335874
100023325100788
100018632357789
100011684824609
100004220413963
100028001084358
100036738574960
100036399196501
100036344714239
100036343504960
100035782142046
100035225941596
100034457775996
100033713259158
100016693410778
100016268267642
100009802350258
100007420819430
100005594746362
100025612836807
100017997879456
100036868470282
100036674681208
100036638894726
100036455232283
100033789534121
100031396123390
100028458123962
100027315186530
100026967444331
100026744690428
100022147013421
100021947507433
100020546744368
100009318119982
100004377992818
100001211780901
100001798951840
100036422163508
100032405490564
100029188031180
100034408698372
100034653763788
100030672870113
100022524950905
100030075109490
100033922481133
100027102214305
100036737857930
100009974019737
100027964995725
100004710391063
100012006521647
100018133923395
100036775895309
100019262231931
100035504151454
100036655030864
100030408396288
100029525554381
100024774109743
100015357544294
100003792318307
100002480002763
100006798458054
100036024036861
100014878170782
100012377948040
100022322054609
100030418000566
100015639734095
100004053418021
100028802872980
100010674213458
100025940810784
100012826744847
100014513412238
100036844530495
100035804031938
100025409649424
100009676088822
100036569327924
100029047069652
100036439163988
100035744093138
100033071503384
100030284534920
100009549275347
100036574307643
100023403795527
100028482121873
100012821103960
100035075043783
100034943344217
100005622811373
100013420422987
100035648176379
100022436828249
100035890272300
100004354326553
100032222688007
100031737882612
100030146198729
100007501958028
100006577788972
100005540734026
100004812811589
100001878424386
100011452835166
100036458388060
100036514368336
100036542479515
100036762064991
100029171974426
100035066897932
100000833131969
100014982459077
100030063080736
100020594461875
100030995976605
100026745431491
100028761995841
100036562326226
100034113038265
100023850406828
100034665512274
100022343601316
100032346632556
100026694787388
100031430083060
100011363692002
100012895606738
100028441185029
100036579225685
100015046007993
100026424553178
100035832231778
100028593002836
100020480910406
100036816090347
100013455034320
100036625085986
100011829570536
100028713187494
100036547367475
100036810210521
100024525579496
100033943150210
100031889988551
100033930390304
100033298125836
100020875154401
100036566803518
100025601108137
100016266168337
100036807180501
100026405041147
100035774394177
100016596481172
100033135501765
100029099953313
100035485325396
100027101077061
100024113149184
100022299668740
100012489076800
100025085887064
100010933937460
100028861954831
100034956031439
100033945168186
100023653861117
100012484260951
100027951861429
100015074591493
100025464939823
100023983482034
100000586628574
100013103105932
100009796425172
100008922947818
100025129697502
100029556592815
100022749646678
100036556303272
100031435373044
100002750425142
100001726340902
100009996570612
100009932224314
100024945971627
100023803831649
100016991838263
100001188282680
100036429163433
100031861393599
100019245071615
100015175456038
100036542441973
100007266015569
100036547904910
100029972652074
100007231921538
100020993432744
100029154512248
100025885362082
100035482447336
100035898642385
100015186377812
100007546741286
100001708543943
100036149404809
100035671533138
100025856557591
100036333138426
100034717842249
100034387217742
100030677150505
100016728582284
100013496805902
100026464099441
100007683492855
100026292063726
100021816102508
100012253179371
100033663976979
100033608630907
100028210982195
100025246834419
100014783020871
100008504197020
100024168224725
100016572454113
100033432274097
100036725821984
100036422956881
100036110600856
100030093931344
100020405011215
100009222041448
100036584041205
100035075481724
100030324379509
100026825243921
100009101955178
100016993652686
100013904354215
100026272354429
100030531338117
100034268683950
100022469821462
100026522346997
100036539203732
100035347849895
100032696525241
100004634941802
100031397103146
100033370779794
100010115382967
100033600407390
100011025974767
100032139282037
100033434871387
100036419616866
100014951671912
100036603548134
100035592486643
100036407880368
100031226091321
100027164289357
100026000529663
100023719261219
100009266084556
100002908101518
100011559334931
100036300857412
100034440665749
100028151929764
100036588669305
100035191187758
100010080217343
100036564610937
100024975482302
100035740996367
100035342029298
100012094150429
100012308567701
100024995744383
100033395319410
100036458644824
100029305449249
100027431899811
100017390532009
100032001911159
100036387796967
100029827118858
100034138387802
100035912554549
100036709920833
100035912491245
100028406988233
100036711090603
100035850395864
100034960983423
100015280119372
100014567743976
100022682783800
100009329934546
100036696181259
100036290178408
100027077700669
100027257832471
100015274329568
100035737471311
100011132085810
100029050206419
100017892121879
100036698340641
100036499452578
100036494889624
100036313250525
100036513491997
100027314479401
100026700381513
100023644925150
100013271719494
100010793071067
100017167323759
100034820282696
100036508811549
100036114875630
100018795908626
100009665085985
100025369248162
100029904457676
100010213779303
100003736344867
100034444267092
100028827824508
100026503818624
100028216989376
100013784792998
100029450237039
100016232522976
100003750349944
100014372734081
100028008522414
100036647461849
100035658908058
100029554608398
100031389575775
100002560972654
100035452832707
100032841554823
100027911537840
100030434404605
100035995423533
100012967832643
100036460811340
100036159730864
100024749868224
100032882194462
100022076749673
100029725450606
100020545150946
100036632281751
100033364846678
100036540547469
100016307418715
100036072587669
100036566945318
100008861204006
100028840449252
100036431590266
100036389893453
100024635736446
100036383595313
100036313100797
100035629691944
100036302450420
100035074502657
100010047755842
100011406308660
100036322819021
100036405218824
100034849536435
100035970880276
100016567755118
100036398685659
100035790961650
100036526446709
100036355869334
100026436311977
100025331897091
100023079030028
100036474542929
100036158649199
100033243991402
100013772012985
100036342258904
100016664351084
100036415992884
100032544559683
100036314778689
100009112340362
100007471813747
100026283697936
100036494466735
100036429456803
100036476047144
100036091261650
100024430309756
100022424251146
100016056030455
100036304547642
100036413203716
100036517505408
100036267102168
100032484975521
100033580805399
100036263782450
100036374775610
100036465786046
100010162720813
100025678962873
100036457567443
100004545543423
100028882326315
100005613120187
100033587221029
100023678509675
100017592972203
100018391783147
100036336796929
100036344895348
100036252081916
100036468036071
100036586590145
100036461765567
100036418992105
100036149792530
100034111313424
100036299148633
100012501048025
100036399341692
100008162566865
100036504093840
100033982211942
100014834224431
100009704596894
100029450438627
100031311943616
100013595346872
100032377144245
100035995008564
100014261146358
100003673043554
100004737374957
100036251627464
100036190284375
100035791910076
100026571548571
100035388170282
100018613509334
100028357397589
100032792160894
100010721283307
100015286142371
100036519692645
100036398741070
100036407889497
100036023431721
100036220702536
100036535381708
100036336675088
100001637377847
100031862951114
100036450514685
100035685891760
100035776606521
100036246407521
100030023319911
100013094433252
100029953716814
100012092894309
100028144622690
100036171353627
100002089625085
100036500911655
100036277966984
100034354996244
100033161701258
100014023728647
100021902983866
100026471752492
100013558933845
100032390073058
100036463320270
100026522626076
100007335786266
100015546287851
100035433608091
100035021857074
100001514944343
100036288135817
100034219631775
100009849918370
100036351071908
100036388744847
100029419876582
100036197888876
100036267586934
100036370210761
100036342672172
100019504058690
100036343181827
100036170452291
100029260481320
100010451200937
100034643814061
100032831706905
100032513452979
100036465541389
100029522642043
100014518923503
100013314314414
100036267464255
100035373424760
100034651129455
100036439861879
100010607192859
100007739467977
100036166222296
100013038405616
100023248236907
100013970688380
100024020413355
100034147743399
100036108739660
100036294373634
100026070870545
100006435285503
100024604412043
100027829262892
100007730765324
100030290191663
100036367147543
100034364925903
100025867096320
100024670062212
100036180139820
100036023378723
100036093682733
100036227586370
100011803122756
100036264853790
100035704253008
100035431412754
100020884879518
100036328478378
100033874293795
100028350430902
100036334719471
100012027792177
100035373975029
100036135831008
100015783948788
100035757173075
100036298291060
100014598769496
100016075809531
100013069637862
100036228097096
100036245534284
100033995694024
100030093941030
100016386484013
100010755583202
100023771693645
100036384935035
100003505449236
100036257320726
100036359916379
100035998485094
100036398224012
100036263952636
100036404762798
100036146420078
100024890134694
100036245432216
100036099863318
100031822065484
100036412351321
100029400486741
100029326430573
100028881918623
100035658321422
100030170652169
100036269981429
100034689882950
100035091137719
100029117532869
100034884496931
100029110935578
100036340472365
100036098713706
100026956340808
100022649452844
100023939072843
100033940520863
100036218654397
100035816855140
100034578503149
100035943710251
100014482338710
100036167863047
100028202917440
100036078861701
100012653555918
100036070913418
100009371230133
100036104412444
100034498958901
100035962898889
100036063924030
100022128616207
100027994123229
100036089631450
100027774972540
100034324666232
100035939105895
100034295714677
100035618072111
100000948795644
100031759014128
100034813512486
100036179410749
100026004759320
100003483309083
100025105265264
100035836299320
100026636923009
100004156356620
100035145001110
100035069737988
100036178064549
100036212141211
100036353673883
100035595874428
100022972578037
100033276109149
100009524186116
100034559994109
100033308687923
100030146014426
100036284585790
100002975949122
100025732416805
100007406348307
100032096723680
100022906803909
100025183418873
100035110279706
100027620614709
100036235270267
100035907372270
100028995224659
100027816161063
100027585593729
100026371505948
100026166901234
100016032939139
100014156310187
100011518098626
100028154539533
100009686042257
100035077571869
100033328118097
100033034747116
100035051629263
100031962919158
100013992253926
100033910146003
100036139600878
100035919523670
100035357783450
100031074575954
100036151621994
100036336213140
100032712333267
100034697495089
100035727045025
100028111636549
100022359820992
100034552244762
100011770896274
100023982857039
100023713491286
100023656929350
100014125357302
100025978413535
100035114973569
100026373920938
100019507143118
100034961148900
100036085669319
100036319713891
100035102000158
100033017197726
100034309536230
100034447242959
100034454451051
100034863964339
100035425478953
100014448549087
100009893491193
100035500775938
100033353795877
100032164848267
100033950354668
100025642182014
100032050998486
100026768301838
100035291490571
100032172183796
100026864211292
100004510890640
100036018352941
100035471835118
100032592382787
100008307711852
100003612570015
100035549531049
100025771602994
100016803978148
100024129782218
100035198231539
100035504434151
100035261659043
100034899783605
100028147502579
100023877463395
100032997832518
100036000113549
100035805530060
100034802372014
100036265685542
100009425996168
100004160886805
100021983244126
100035473901962
100028882793358
100034035426441
100029942150377
100036150516411
100034612597801
100034529887610
100035976408857
100035876980752
100034854750344
100034848002421
100030501533445
100025466257102
100002419103768
100036151232215
100010026553801
100035674578279
100029765963625
100036197649532
100036002002250
100036044180081
100004783898716
100030263850234
100036255815242
100035210445217
100035072242565
100034968942249
100032724752286
100030435212476
100027133395360
100026598289983
100005907211916
100029765072977
100012017494032
100030160602744
100034794491444
100010656542309
100035951867299
100035584755060
100034594113765
100031376474584
100030968302302
100020797423801
100036221617463
100034503888987
100036255393119
100036252660439
100036041987901
100036002871037
100035974732836
100035762288892
100035700473123
100035001529785
100034783517569
100033392829972
100028562482603
100028393771021
100024428650174
100024062241317
100022887141789
100016527858713
100001950501564
100003522703459
100031449412201
100028516412545
100024150041926
100036114973960
100036029416812
100035870563882
100035403697501
100035052935048
100027549004871
100007083781668
100034514024422
100035781732754
100009328872581
100002615756253
100025549699624
100036038478767
100018072397230
100024800266189
100028123144421
100036061958862
100035959101644
100035949503014
100029991874759
100035475383390
100034597819304
100011399597730
100035598047523
100035949521141
100017996165659
100026730346853
100035425612042
100035671517705
100036306510250
100025424675269
100032208960380
100036007729701
100016251759546
100029832675295
100033707014957
100033933337660
100027952642632
100031323166891
100028177989659
100036013548424
100035600885881
100022439870960
100034921370227
100023014755833
100015267786190
100034096968520
100034524852266
100002293910926
100028946584642
100005155479868
100035882534412
100025267728465
100034487327464
100032941633262
100025061990569
100014059993260
100026630723127
100035503957836
100003247458883
100008497008266
100034856331423
100006550034051
100031207942096
100033829792582
100035086921176
100024210962920
100017017810415
100001845080351
100035731481225
100032899936101
100029152290686
100025944480146
100012124714307
100036216753400
100036055246827
100034127715650
100032369679313
100030096366741
100026978019337
100024092530009
100011177465669
100013023783377
100035207140413
100010740486684
100033386193139
100033239854899
100029042402739
100033389115553
100035751151652
100035589641096
100035333194653
100006529094877
100036008610782
100036103423068
100034111874587
100034070722161
100033394149052
100033337785831
100033010149058
100031996810393
100029799211409
100004508323289
100036183486551
100028874324538
100006583776031
100023630572192
100035411312431
100035381430687
100012457365161
100016292380349
100035939660232
100035970229446
100035080249799
100035607825589
100034531038561
100034295301416
100033774228779
100035927782126
100036031366935
100035047663721
100025072305810
100036077947281
100029721354323
100036122884295
100027058848560
100035918121753
100018786904209
100003534754593
100028479182594
100018067594313
100035958906324
100021817921451
100035874383797
100036222483353
100028434614053
100015177159316
100031400812705
100007954560780
100017367797713
100030357790281
100028792743998
100032289674128
100034487933488
100033678315298
100027223453831
100035231837600
100036053376539
100015970804303
100025769562928
100024889029915
100035962184225
100036209763650
100034665811086
100006000817203
100035421995588
100035234645282
100018807606465
100010007736513
100010202469028
100034649977805
100034642545790
100023139300439
100035116547082
100022104540680
100033192104913
100035293695237
100035684272251
100033799237989
100035261589356
100021775455940
100027237647066
100035622907773
100032821535400
100036062353085
100035942891935
100035911520464
100036163085606
100034344563159
100035809721371
100036192453474
100035950188793
100031019107626
100012228345912
100035563747646
100034157587895
100031520111316
100030986853447
100029841630664
100029325339361
100021923222513
100015496745236
100012589741687
100035943528551
100036199021976
100036118417177
100036111158366
100035992215986
100035934910249
100035921897352
100035892469559
100035819513027
100035809073326
100035797854371
100035675497313
100035535348128
100035526681425
100034748768822
100034451872688
100033415505400
100031801943557
100031278259503
100029110746054
100028550672621
100024129551206
100023648290962
100021905303573
100021779178552
100015618751070
100015162976639
100012170837199
100006899733819
100028462185626
100026541405534
100029130825906
100029832199350
100034754016066
100036089588355
100036117331108
100036132275678
100009580157687
100034771604619
100035033149851
100034608402490
100030988703890
100034351820415
100028303353118
100004746406972
100033604875920
100035973093578
100035923993988
100011689899041
100010165098079
100027450283599
100036041168550
100029912137335
100035737504678
100027086320758
100035269804412
100035783446310
100035151540836
100022347312228
100027777166108
100034118032118
100035958067784
100034853404236
100035186299256
100035090049791
100025475123731
100029235171893
100036066240642
100033917850182
100035675210268
100035283307944
100034484775882
100004176997612
100034685721335
100031170933651
100029193619060
100035785933133
100021743973192
100035705423509
100027026179493
100035776986255
100035102173922
100028516688458
100002662450947
100013997885266
100004743640518
100019835599246
100018943425706
100025500843197
100022575015368
100030059420321
100034879088645
100032329850300
100015551283519
100035785757836
100035850315357
100035400671466
100029175963057
100035215608797
100034351189069
100022923198770
100025352284312
100035846743479
100035840866386
100008144260235
100012430866822
100034681998624
100035911087551
100030693636018
100035840715988
100035852622743
100036037380358
100029690621335
100010837458539
100028423307560
100019265973998
100000564231743
100022672341359
100028112024479
100029008725431
100026913675458
100015077137994
100001069975784
100035726087724
100035853914781
100035801404421
100035730921186
100034891088198
100034822658701
100033832031711
100028618701675
100013682498654
100011134965510
100010211378206
100007753480993
100002010164940
100028299973042
100034410960289
100035274620313
100008196303814
100035734334038
100034558367155
100029207355681
100014495411353
100035962443788
100035302119005
100035561323697
100027345095974
100004297758189
100026900630905
100035910305974
100035566637635
100035733461958
100027867674867
100035584840048
100035719492919
100036007202648
100035695096513
100035857122296
100033812883572
100008809278731
100002382277665
100035792234815
100035169345483
100034451321436
100033328800470
100033283247127
100011026424098
100004947581107
100035834114401
100035782758550
100035762326126
100029142796557
100018783787412
100035978193718
100035828948690
100030981262203
100033102758291
100027745940725
100012287409721
100007565610630
100022968591290
100035734160291
100029848353338
100002334121261
100033170691165
100007517567545
100035593790678
100034599621507
100032919008266
100023618593903
100035614564679
100035931031553
100036024900121
100028723655024
100035702873164
100010022895558
100036031260401
100010063963902
100017036105362
100034864450443
100034637531521
100035289420199
100016529974826
100035823224668
100034405668155
100035684304019
100035779097846
100002580155057
100035171333951
100019096568035
100016464276169
100035759315529
100035724676369
100035355391263
100028245377751
100009955081128
100036020940267
100005868792107
100005057599218
100035687591961
100035708571537
100035803755643
100028001330799
1815722690
100016675052331
100014649880604
100029046587026
100032544220322
100035136704336
100034673920855
100035755937463
100019481104488
100016068404239
100035762202159
100034254015112
100007396448823
100026664892128
100025845878654
100021588352844
100034861992078
100035183796305
100034589953687
100032699146605
100021039337347
100014052885478
100012187742919
100035764636622
100035813263767
100032124043335
100035684751507
100035734308694
100028054905943
100001437533267
100035870019717
100035841820993
100035680790286
100035551337449
100035184331019
100032356644289
100031319197087
100001724621554
100027481119054
100010157946857
100001745011838
100000751053164
100032518314109
100015499698273
100012019516977
100012990852874
100009743508152
100013291770171
100035648932704
100006500177925
100035614650576
100035856790112
100035259572530
100035787404680
100035840141269
100032543380179
100023858825052
100029095746213
100035814278435
100035912523229
100035948671679
100034161241559
100032923703109
100034797134636
100001872663047
100029893103539
100005107833528
100034815072041
100035675708438
100035503935862
100033779957500
100005283669129
100035913902648
100035818271874
100035839119910
100022124621795
100035805912193
100029153971414
100014999976717
100014156653237
100035689039905
100035901332432
100027735610096
100009094115267
100033057101375
100007716785379
100007867021541
100034931364031
100000987908904
100035656401652
100035793761288
100026784700364
100027069371907
100035717924838
100030057440472
100025166411964
100004360232228
100011619333374
100023913526384
100035459860680
100023609942288
100035793102617
100034782521473
100035819290758
100035836986013
100029485780093
100034544077170
100034944622666
100025555683797
100035699628571
100032522227591
100035855588211
100035828404505
100035803091461
100035882820884
100006634909185
100003044699073
100034930313693
100035560898436
100006384849800
100021435079369
100035542219306
100034941004911
100034583714984
100027780459710
100034075876856
100035596170678
100007845012086
100032542012701
100013989048094
100014831478139
100033676172741
100026887772374
100013799357151
100009849795908
100005416772517
100035627110165
100035763673449
100028674904187
100013348831926
100035702953968
100025069073750
100016279929358
100008239935814
100026888329845
100035627810809
100010317792846
100001451782677
100028648175854
100034840037830
100035723175066
100035465273137
100026351344195
100011037938600
100035863025861
100035595252550
100023630310728
100013327004673
100002757888567
100013407248961
100035656189429
100023226996477
100035406841691
100028519637197
100022011180086
100023707009642
100034695858939
100033708542092
100017335180576
100031229111228
100029048842647
100035855015927
100033723662994
100034007294210
100033511503396
100035671728034
100032005924487
100028010211482
100024214920118
100022199387025
100022189546755
100018186039162
100008737449576
100004498512117
100002497382426
100035396615373
100035125265760
100035086508612
100004018580270
100035837256498
100035601510929
100022002528027
100035590417752
100035575223964
100031431951315
100013380429777
100004980518317
100035209222809
100031901838016
100030334276980
100031827786140
100035834256303
100034085445572
100024430093762
100034386227818
100035322519976
100034680696003
100015016395984
100007387877553
100032624925493
100004185480345
100027804970856
100013457229747
100009679356173
100035840675051
100035722843441
100035654356060
100035832662197
100035494944121
100035739371671
100032395119070
100032366776565
100026330914393
100009985692482
100035744584877
100035183414774
100025870523898
100002256195674
100016490441049
100029841619774
100033961644246
100035803236857
100035553848648
100035130640242
100032445840453
100022085539047
100015290833283
100011176245802
100035519411007
100029074700479
100028358860287
100004608818300
100015290890114
100008168024636
100034678070915
100000290779776
100013699933794
100010157460643
100005760368719
100035833234467
100024794344586
100032665154607
100034109647966
100035795556971
100014064753983
100029865191692
100027258138337
100023917323546
100030285318980
100016717331825
100009710072288
100035514791339
100034163750862
100022822625141
100035774347954
100005564148676
100035710541865
100035825884620
100029326752191
100035671574880
100005704815321
100034848173621
100006838966444
100008588767736
100022334288163
100014557260150
100035567629496
100034564895779
100009978728197
100035627057198
100034834997478
100008137570952
100023167369555
100009138961315
100004916836791
100023291470747
100013299378771
100034908608075
100014430192610
100034692126802
100024611650938
100031889642593
100035557581173
100033783826848
100012738639586
100008890930590
100035625555299
100010281857511
100014079665470
100035839232053
100034615023885
100019536042130
100035390821009
100026227213354
100034778856826
100035083463171
100009672410061
100007217107592
100035812533591
100034687443102
100035618888178
100015076270044
100031609091683
100035808363484
100031678204191
100032754579532
100033611828893
100007792303181
100035825642504
100035430615667
100024116739914
100001451907759
100030409153682
100020503476919
100025767591927
100023555712680
100034496147192
100034642711074
100034384981070
100035291351245
100035506071624
100035538230456
100035814361998
100031443375299
100011722168099
100002435744497
100010945721492
100004417184307
100032828360527
100024650474659
100028695690826
100009628714512
100024879502009
100024635853567
100023857988806
100002386877743
100008631644893
100035460834322
100019242582696
100035635328887
100035506881901
100001248098540
100035556228675
100028279394962
100033128814204
100035398755160
100027822649664
100035835510098
100015766420094
100029030827868
100007857030803
100034634441038
100033887972235
100013400347943
100024331430899
100005140004929
100014848787758
100035505921534
100034972845849
100032015766260
100034981883475
100014752051249
100035509308073
100034497010818
100034528451099
100008465912849
100025208783872
100017352549449
100034813161253
100018674371195
100006516289739
100023947273861
100015056682460
100033847842220
100010854015199
100026299433943
100035386152349
100022190778438
100012596764469
100002695395684
100033741831565
100026343436262
100035018920678
100033168530997
100035527878908
100031766854001
100034600881364
100035286371876
100027281112607
100032123190090
100035643729647
100032112870152
100032674260480
100011419470316
100028478319445
100008214690082
100011938119352
100027460392121
100034880773498
100035673787020
100002404370213
100035248122439
100035740413195
100014596546408
100008428457603
100035308221818
100027918884682
100021623984466
100035506909794
100030287323380
100001721403486
100024220608073
100035786221770
100014382615238
100022393029344
100031282394314
100027986027117
100023040706833
100035709006731
100035755741586
100035429438185
100013527248158
100034815782849
100035635443364
100021908297799
100035074039029
100027950340018
100035714164346
100022273333368
100008225081165
100035312959151
100028507124646
100035445741909
100035459151023
100035503244305
100035537803809
100035636439680
100035739813131
100005973853400
100012784396884
100027239386548
100033149107885
100010632192240
100032791099302
100003770769550
100002594487697
100034793956575
100009660315091
100026332244195
100035298664587
100028901628855
100035628910243
100035569484576
100028678181521
100031904232266
100035635450078
100028509572690
100022712141019
100034713630415
100035454608014
100026370082733
100035653808515
100035270063074
100035032461762
100014020625031
100014168700418
100029688248821
100029688069136
100034445662770
100035768760884
100035226522521
100028386827051
100035033139502
100035445530986
100024239807626
100022892310959
100022311320825
100035705581475
100035438961008
100013418044642
100020891230558
100014055157351
100025730268212
100034158034143
100035417873789
100035443579419
100035661275420
100010229323935
100033718925033
100017453478858
100024401615999
100035164150740
100027954818413
100028337024528
100035344990389
100035495321644
100035564649582
100035654616462
100035664246414
100035668415687
100011523603651
100013644276765
100035506992058
100031520003176
100022571412232
100035393844055
100035577521535
100024070850394
100012362736748
100035715601895
100009254847365
100035261981020
100023917221218
100022751646950
100031235803656
100013287400360
100035586249097
100033167566572
100035466046427
100022398553949
100034809379445
100033985054745
100035364620398
100005938242804
100027757425960
100035324150886
100019512972907
100004159323209
100035031570454
100010045088985
100035277813614
100033977744318
100035279971371
100035696821182
100035367616579
100034550958005
100026407308456
100033313500509
100035426149113
100035458605744
100035594737592
100034157027763
100033755409525
100035454256317
100026472934462
100028251817544
100035642074638
100035645944419
100028933269564
100024829350913
100023590490035
100024677869350
100035303044088
100035277594219
100035317343611
100035663043068
100035701140418
100035115574505
100025529625624
100035677411421
100035401818756
100035378720926
100030280309076
100035568128411
100032153351470
100032658594370
100035103641756
100031651971023
100017142845317
100028972597538
100027357337788
100035453414976
100035277303358
100022645384686
100028436053167
100006205652346
100029648993352
100035396089204
100009741198151
100030975864185
100013994589486
100022344036000
100011380246226
100029665366476
100035342661819
100035438855834
100016464307376
100002822144433
100015502756931
100012379477628
100035016742002
100024188015533
100033511894375
100035659171737
100023393250913
100035398968898
100035574067237
100034195562021
100034415899071
100006673811035
100034751482207
100035334432302
100010623062576
100034410046434
100022197195754
100017685049049
100010409650467
100033048588798
100007964102442
100009683238063
100035410877993
100035629083410
100000880431191
100025248430139
100035167702833
100034549638902
100034125848738
100027961837246
100035404667257
100022672389761
100024722301727
100029301350526
100033983616354
100027994118393
100035280084083
100035316980158
100022192449559
100028244028755
100030686169457
100035341370794
100032421954163
100010342299566
100017511723960
100031366531511
100030555635057
100035231112928
100030995298105
100032618670031
100034591754648
100027279963108
100010072171034
100005417860811
100034510277176
100035489860579
100035304520106
100033492577714
100012785894842
100026076906474
100012783901050
100034910704361
100027008031050
100035296027500
100035295788420
100035131879998
100034974401347
100007112746650
100035320671533
100035437153385
100035647140141
100009707593534
100031276745808
100035424572877
100035407234815
100035355706910
100035341730263
100034265574209
100012291907669
100009753133896
100029148331230
100015311082866
100020487816438
100035339180201
100033306936400
100033537995080
100029254792249
100009695554280
100032115615682
100032493425208
100013365578176
100035323191065
100027662985156
100035381086703
100035387237390
100033114423398
100033126518545
100035101090011
100032862460924
100033479917733
100004728090866
100027708681042
100001244167183
100014602983068
100032468003704
100033007246018
100028399013338
100026084952108
100011697557499
100034701981748
100026212602829
100035550965465
100035591792948
100032581723615
100034799274353
100035406090150
100035258766011
100007493894771
100033376392975
100033314241220
100032447053122
100010187318005
100011609412639
100017619857851
100024391867689
100033603109632
100015680675534
100035317470686
100024566089942
100035290132212
100035505398083
100035568361603
100011203894408
100032836611857
100024211600395
100032118699747
100034641413977
100035327113755
100035605501594
100035610631272
100013477608655
100013447982958
100035162881618
100015073152410
100033279305229
100035490841195
100035510673157
100024562550473
100033259384520
100035409014473
100035590382498
100033486031132
100034024090218
100032849895064
100032938006031
100027665018897
100035248522927
100035123201203
100017656626416
100005783190548
100033272073455
100028484779512
100014002367931
100008247016529
100011217210122
100032077538928
100029132991651
100009250796731
100025254126923
100034636415916
100025936026062
100035414354071
100028249415076
100035316607563
100011891254543
100030995568193
100028157592471
100032455447209
100033424116238
100034567058826
100032970408081
100033069304369
100035163766813
100035412282742
100027633976231
100027438274946
100026772031905
100024215115714
100034841611608
100034672396580
100034976622301
100006235605181
100035555644490
100035403911281
100029019095318
100002474949182
100033145600613
100034537627885
100014871099952
100005552595253
100019942842863
100030878835257
100033516253781
100031784206685
100034575109282
100011790822918
100017064336814
100035208640979
100035257673113
100027092317851
100035190454373
100034338172429
100031042459049
100033433804596
100012547002023
100035038299863
100031982675883
100031565693579
100035178376933
100013889715474
100035232676935
100034458892581
100033416322988
100028630914187
100033845238906
100034866951739
100035349646522
100022278522159
100011141131785
100007799412229
100028924791626
100034767855996
100034267840194
100014077456318
100009876494387
100033117760692
100033253963706
100003385145827
100035242088398
100030846737860
100035063423137
100034832471677
100035276105654
100032886517570
100035597280426
100035070293938
100031419360251
100018009374490
100016623122861
100007175358478
100034989231883
100028802646370
100035132107975
100031272919402
100035003146783
100027785504033
100035363640244
100028135242210
100028391569659
100008030192993
100007826440083
100011236482028
100003648894363
100022730153359
100007824108490
100016669777133
100035332187832
100035404391245
100035507286384
100008446871968
100017239306981
100033792676301
100033836020808
100034426862938
100031309892279
100033430994928
100024177062720
100032969385831
100023531385491
100031727649985
100005775276302
100024730253776
100027122045353
100014625878925
100035125579462
100035291887714
100035308814694
100035384114395
100035593710704
100027526816271
100022912117640
100034161935856
100034595891515
100031297803350
100029093682221
100024208124179
100033266358553
100032675513186
100033371540200
100033106577216
100022151177047
100033897796408
100033260890771
100034746364780
100029775944271
100027727453840
100012654241569
100012531932524
100035299549480
100035413812740
100032842581811
100027762383684
100026150083841
100010524784384
100024143022561
100033344022801
100031101450299
100034735042230
100006405550409
100005773991627
100035024598104
100029406288596
100025870427904
100014404834692
100023593410802
100002449921436
100035008811139
100011163942269
100035281160490
100028473338948
100035303505880
100024331759913
100022632980536
100024746027179
100008018795936
100013615629658
100002272188025
100035235525293
100028067162688
100028254726745
100032166614839
100035383544160
100018985988949
100009244439133
100004744397116
100023545100802
100031328104307
100035234243378
100008520010909
100028757494675
100031552206355
100017156919022
100029112609781
100019264666115
100035568151586
100025555781653
100001999858098
100023810733537
100021386383134
100025150425485
100035591880118
100034557397806
100028093306306
100030839792919
100035312169356
100020724421728
100027127681799
100032528500367
100028521577755
100004139290207
100011825711491
100032789324889
100035048354745
100011415701061
100008301694482
100034050013535
100021459936524
100026881133948
100023267240597
100033761236167
100030103210746
100035410511804
100028234205460
100027819437735
100032940653113
100026632038359
100035425150395
100035293127593
100035280288616
100035220233352
100033037541563
100027325489449
100025020669453
100011294912810
100010726296022
100010581006073
100002457649874
100000936821195
100007212874426
100010235252274
100035320778317
100033291861470
100024008017481
100035501075100
100027553882260
100029761273155
100011890785086
100019406825287
100013859647601
100023551184237
100010268611716
100035093955023
100035410451122
100035269872491
100007153454114
100007443459512
100034931985784
100034904631795
100027537457527
100014694543682
100008331908018
100034587376446
100033554560406
100029356358913
100007163265728
100028638335111
100032615477629
100009414842339
100025297959530
100035347290389
100026674580252
100028834239887
100024034425157
100035062410682
100008705880731
100035339324676
100015318764687
100022569527629
100024244664008
100028186114470
100027296101119
100027567604979
100035447286978
100022342980644
100030085001900
100000989152891
100035178441824
100035230281843
100035388701834
100035336948172
100007077310520
100013796164577
100022922573889
100013122821848
100023371142142
100018876786666
100033907218281
100032059401261
100035183179787
100035276478262
100035302425104
100035500504419
100035523422365
100035147839221
100012403054856
100028946291304
100028290983352
100016287695307
100012314796926
100035094281982
100034359713607
100010491398343
100035192977840
100032683302971
100035322225480
100035429494817
100034213740859
100000238481501
100033781424308
100034199314057
100035058830070
100035474371071
100035391302385
100035216381309
100035195904142
100035058332928
100034529058752
100034180982347
100012312704843
100035084714561
100035248891766
100022586626968
100035460754759
100026579431479
100035340733504
100011539984550
100034801808905
100009387376992
100028302483812
100010293605271
100030852413450
100028957052374
100026092207418
100027026601114
100015385023644
100035468375205
100031985528025
100019288770931
100033074207208
100012011353273
100033579817159
100027814023226
100018021828913
100009790189391
100035441915670
100033673973309
100027995970728
100026429934146
100025089123281
100024039321731
100023234352543
100023176213964
100021680657085
100009830718924
100009026470295
100008743632693
100000709874225
100035388010404
100035176306782
100035023479024
100033670804652
100033549948120
100028067496495
100025910382429
100024595181607
100022037743320
100015455767421
100009840002159
100009253548212
100007469858866
100006007985120
100022577355207
100009388453290
100010531817031
100035526421243
100035241529454
100035189400028
100034706882458
100021668031614
100010553205723
100035239999223
100015534367156
100030095681186
100030707614011
100028918628322
100035406968873
100034644819718
100034839797946
100017518249328
100023528719105
100035185133420
100035473110721
100024813480352
100035222990684
100028373235411
100031501536646
100008407927975
100034633433910
100026084734233
100017392749942
100010923967210
100035302485031
100012708366416
100012463338165
100009899527683
100001909159342
100004472855835
100029383237250
100029024330943
100026042180323
100006827343577
100004826161358
100012251081042
100010335099981
100033474437093
100033139757994
100000518113327
100023655172288
100034535133610
100003087701246
100034863168435
100026605935365
100029591892827
100009374440913
100033638474742
100031182390875
100026134732663
100029074719580
100033447817870
100029361674058
100034648930863
100034723455278
100035463543777
100007835559020
100032685678326
100035136113549
100023694763283
100028321222965
100033484791128
100035172773472
100035210001020
100035285445170
100035374388280
100035529090032
100035289879475
100010605420073
100019476577156
100035122231143
100028654104044
100015130929338
100033009525979
100033129724753
100026931442150
100003340202316
100031777537438
100013846933144
100035185192440
100034572152830
100025255142901
100034716068831
100033517803175
100034696719336
100030385658353
100021879319431
100013627118983
100033590281881
100029506840674
100035305963179
100003732131302
100017100841134
100003483713733
100035368779339
100007893424949
100012948762651
100001108657300
100035360619609
100032285688064
100008079516183
100035368265976
100035043431205
100034597440764
100029294436829
100031074697425
100022849177875
100034552218630
100029039045634
100026958962590
100033406941775
100027788449203
100028059942199
100012867757192
100024524746338
100014717794655
100026780762115
100035384948264
100035304972593
100027255293829
100030972528603
100035426911325
100003589812395
100012824378010
100006688002805
100015553576725
100029852386137
100030178250947
100012428467218
100010318458128
100035238030535
100034766258145
100011337739860
100034802264692
100034191640618
100032824546982
100030377659163
100025239226260
100006055021338
100024900252948
100035152673048
100024708271243
100009853051215
100023470464117
100024097247601
100017037458832
100035278544153
100028627638714
100014037402506
100017492567730
100026631703496
100035450971950
100031301122042
100027947801374
100029023507220
100034945833761
100035127100319
100035396226416
100035174446509
100030120019501
100002411367352
100035083686058
100033852740186
100034897832684
100017287158052
100024645934630
100009666827329
100023311560038
100027949814819
100022537880323
100031283359542
100005808841176
100035280692945
100034552832870
100007532659087
100022986090716
100015544814781
100013839373912
100027705613187
100021830161867
100000842188319
100029667901440
100034471662634
100027846498258
100034536314200
100031158996951
100012598800501
100035130323484
100023061969050
100034930061449
100034759609090
100031627573908
100034622482226
100034973674532
100035261346964
100010510145441
100010741096326
100035311174111
100017373937274
100013757912273
100024284533768
100022209705901
100030675364850
100035090693031
100031206420367
100027886790387
100022109774320
100032507321382
100011350511307
100001641903298
100007992071481
100026405641090
100032594506957
100030475631089
100035431471244
100006618070446
100035241255265
100035116073646
100025459929975
100032607474124
100035045630811
100035423433703
100023893100549
100010471241623
100034964050659
100027340958591
100015069756053
100023599211794
100026150750051
100032446996863
100031339244014
100035173515810
100030760220214
100031447901478
100003577195214
100035410261991
100010585239935
100026888089001
100034460801537
100035391573379
100032641388444
100015151050907
100005989293817
100035320659681
100011621916720
100034486176838
100030591194534
100034530813012
100028411011522
100035131160271
100032337501955
100019155180575
100029171362777
100035141071057
100033538845273
100028113911960
100021323949133
100033632078872
100035244164602
100034027010238
100031105320714
100034250904025
100019914399813
100026576827310
100035239394809
100034834852720
100031626226917
100032638020234
100012322662634
100005864165812
100030504643358
100035039527941
100022905515889
100034163522256
100009297440430
100028372693958
100012589002186
100034958603841
100035084358400
100035406990275
100024430373993
100034549626325
100034994772962
100034771267545
100034754625540
100027963396320
100026512500382
100029770878721
100028440684337
100035356564183
100034997750834
100008897836578
100034592733598
100027801132931
100004700567451
100002320173612
100022814303031
100032445760817
100001623442405
100026739091184
100027146953067
100035300440193
100035150660657
100034512618790
100035168235809
100027254046361
100035311535142
100010162927688
100035158545983
100035186358037
100035417792858
100004608488283
100011439815157
100004395123068
100035180117970
100035395772849
100030210853153
100033496260375
100007262678972
100001553386641
100035128161617
100035176668226
100035362055707
100010510263565
100011218935690
100034060159769
100035212932259
100014696141438
100001542495685
100034555576812
100003569830953
100024730751028
100007880687275
100025834036594
100022968630174
100012826847512
100021765700118
100034300577683
100028484525307
100024672459533
100035000632132
100025369360150
100035236213120
100031046460416
100030085962452
100005839445934
100025326396110
100033800653565
100028037809039
100035406092779
100029644037833
100014694278162
100031724652618
100015626234992
100003814175913
100034696329266
100020637636991
100034886418563
100023384501385
100035143741303
100035000527724
100035057811268
100024276612509
100034430167260
100029914244115
100033844597765
100034725470518
100035077071878
100027718882040
100010500552973
100035070472633
100033868930291
100029895632056
100028789221781
100035261255984
100010034353012
100035111391625
100035148616161
100035104281849
100035261440760
100035016760607
100035396642677
100027642065049
100030719193570
100033495364961
100017139135770
100033375573912
100035127587081
100006444669345
100029101119387
100033978124051
100034123725027
100035146961101
100020373214296
100023209417764
100035288167773
100023620188195
100025768757777
100000880182384
100035210774512
100035332320892
100023674972210
100028557825408
100035336491283
100035027136987
100012786345024
100035032640732
100018802890215
100027791802493
100010167990406
100034715417121
100035031799928
100034915573608
100021819673540
100035178247058
100027488610492
100026111314231
100034365993332
100034040268538
100018066457378
100035331784882
100035005729112
100013256807410
100034211595617
100006213845164
100030955801139
100035122037482
100034924913296
100035321043865
100035218692280
100034790446747
100027090322875
100034535952370
100032981084744
100033203550910
100035076574780
100034985692702
100034499797824
100034706291408
100034584315165
100035114321847
100035038950404
100011795168956
100035270131318
100035090536224
100034891691391
100035311504257
100035011567266
100034956293253
100028748640257
100034837838596
100035069961763
100033977523579
100032637282780
100031951248798
100016721880826
100035146655550
100009406216677
100035137037516
100031120662168
100035249916488
100027973503706
100032837329917
100035241191218
100029638972514
100028553041328
100033214877793
100034097512877
100011775504501
100034039910928
100008067647629
100002972184239
100033172543112
100035163466869
100034906027306
100029232214273
100035311715965
100025815619228
100035380142245
100034683531345
100005108317106
100024760170891
100034644873728
100022159182025
100033771904204
100018470177743
100031434484846
100030773949430
100034577810309
100033671986383
100033823179165
100035339642390
100035182243457
100028489642568
100030334831051
100034991209473
100034757981732
100002249877018
100034573930558
100016198151713
100032703223265
100029501994142
100033950932407
100033452790554
100026051823741
100030595930168
100033360630421
100035204678103
100029289069553
100034882156129
100035235214593
100031059138931
100035306341126
100033831341750
100034128531364
100014818865945
100035213047133
100034842798905
100022380231129
100034931048254
100028394344875
100033529127329
100035053534528
100023053749794
100009460393776
100025138893089
100029762615099
100035026328457
100033334421164
100034062252211
100033485442038
100005365215430
100030561074193
100034184676928
100034842751394
100023822981007
100034418025710
100032237044725
100034843548201
100034380107035
100034524361233
100034881515687
100030758319416
100033072641264
100031675230593
100032966285745
100027361896983
100034735400160
100034514358552
100028600748508
100033533541251
100032762920325
100033639840567
100031547911360
100010287311687
100034344455790
100030176565426
100028271533187
100035045678977
100035076001943
100023599821319
100028504129588
100026891449634
100028790207847
100027410813873
100002370443604
100033670533542
100020461630920
100012185087126
100033805425170
100034944521629
100034978240282
100032948502352
100033299111417
100029480680985
100034800094140
100034679082246
100035031671296
100034756868398
100023837582601
100022979984547
100034753681615
100034959823007
100033212603000
100033382694402
100034813063662
100029269749670
100034364450639
100034909082457
100034834021462
100034802442592
100033346824263
100023755814112
100034690463329
100034551830539
100015969032084
100014857924663
100033025428991
100034668611727
100024902130511
100034518940545
100033096712948
100022553902670
100034954141437
100033041541530
100034617224317
100034463903452
100032138850467
100034916771603
100034554231398
100034683485650
100032479092115
100034905993792
100034880444489
100031415468102
100030319672973
100031800907158
100034917430801
100024065349372
100019817202215
100033446076650
100033093773807
100027838063640
100033285098508
100030429282232
100033174683559
100026537832077
100027781680226
100035084041760
100028951836187
100023951680923
100033882260867
100017572089288
100031120112702
100010454290704
100033378732661
100011736189416
100033555273013
100031652047096
100024244489980
100029419613273
100027055746450
100016400537552
100027326692858
100028863110778
100033373785048
100034471072458
100033284813634
100034469974452
100031878092325
100028873907652
100031562610191
100032936784250
100013629035424
100018428712997
100021831978628
100031344936452
100032695025762
100022888982146
100023914280290
100033804681989
100034564900664
100028302220792
100025944394767
100006723164304
100034302796174
100034503530959
100028222650230
100030243371861
100031759181183
100032710653468
100034473802359
100034444911872
100033652461900
100034020841647
100033354491708
100032417615259
100023927493323
100033273545465
100024509088701
100034588547809
100026507105161
100027523383048
100032093028319
100034381740580
100033183400479
100034120720224
100033355443696
100032763203313
100028145195856
100033898726018
100033412260264
100033193623132
100023636832158
100031860131699
100031770464200
100031260014212
100034675894577
100032907573011
100033281172832
100028733618147
100028616461375
100011584274898
100034570250436
100034453328850
100033127844820
100033263114931
100028200007698
100001314293349
100033162110951
100033762044801
100032687597373
100013274656880
100027413447733
100013721805693
100008720491802
100032856184019
100029020402971
100034524189565
100033430399000
100034086305018
100033626311631
100034585719221
100030092407891
100033727894387
100034280897182
100030276068626
100010563093397
100023060930765
100033462032136
100032114928607
100030876517797
100017565012718
100033360999489
100033746380904
100034951140966
100033186317432
100033018618059
100033115192354
100030028682443
100030387070633
100033265535134
100024290054602
100023420684097
100012290773421
100033429603361
100015135076969
100026442862786
100024655012813
100027029033288
100032114073236
100026531582629
100029012464812
100029849615932
100033682601152
100034605954022
100033323191768
100033753942374
100032110536984
100029013424346
100024971963622
100028137348382
100007037505653
100033352656442
100013197186436
100031220259230
100032963532481
100033040040336
100032998282106
100033405901989
100029752927257
100033739421696
100028567213193
100034136056611
100033239473832
100032513542899
100013974060532
100033393392001
100028651117994
100027032828849
100033409457670
100026283736230
100033117560055
100033207224192
100029718993955
100013233392356
100016778320181
100032922260922
100034272721407
100034816081829
100025464196936
100032822181685
100031459597199
100032429050167
100030844456117
100026533129836
100023869854149
100033359822279
100025400989951
100034687122849
100033177400357
100034703084285
100032275201925
100034098083416
100033209802875
100034608227532
100033444047114
100033044301387
100031963224071
100034855054623
100033011836365
100030282034181
100034651842950
100034778226773
100034810835039
100034734399371
100033168665411
100023041892038
100029511757250
100034103888352
100031287243513
100030957615148
100011813556987
100030916817012
100016509877561
100032028813043
100033410072184
100028859951122
100032767201922
100032560579699
100027127702555
100028300386600
100017981831516
100033441873844
100015494829987
100033472230744
100034596132454
100027518062651
100015755056501
100033211686112
100030782055813
100033174331117
100031475373161
100027101530747
100033160060923
100029452845337
100027187115650
100033564455179
100034652192362
100033215235293
100031143262965
100033285459595
100034674731171
100022965130389
100029471830255
100002108826750
100033272520097
100033151328330
100034695876609
100026250450222
100034805614623
100030766127377
100034376430885
100007296797740
100029532413935
100033172027667
100013318387599
100033277733651
100029935927192
100033145552356
100021867544920
100034451452674
100029463413139
100028772182710
100029085074357
100017498774642
100027117593655
100033159586873
100032898643115
100032414343004
100032280105476
100027405604752
100030035951377
100008381054828
100032641943863
100030051810734
100029200014162
100027052817083
100028613221636
100033788070958
100024267730654
100031713351471
100034184447652
100027636902921
100029212753508
100034477878126
100013802704102
100024214789753
100033442387975
100023958639841
100032434244216
100034409393506
100033288703742
100029463730719
100026042438785
100028027787214
100033458078751
100026625952867
100033138474108
100033167141984
100028554143070
100029433720212
100034157048836
100012035027227
100033454142503
100033151025627
100025264400232
100016141744977
100033126309643
100034533559695
100034225274017
100028630070721
100026817093429
100032577272818
100032736302348
100020809393665
100016147263203
100034606569773
100033392261980
100025957431631
100006341832989
100010273838078
100032331611668
100009179433706
100032968824369
100030039740284
100033420879049
100033065741042
100011589437608
100002037117119
100030234752666
100032093285826
100033034578121
100011505557546
100027698091241
100033517059478
100027651090554
100033345307609
100033496230754
100034370720188
100034631922470
100022893411824
100033369333120
100032169724958
100033237553441
100025489470531
100034771053042
100034131464917
100027406755820
100030489497921
100034104938132
100014745781411
100034647279267
100014562167374
100029340757356
100034689454163
100034315700831
100024300290397
100017661884033
100033504000606
100022303602400
100028320696152
100034682763375
100031369306076
100027940867905
100005130855469
100032710961416
100028426205973
100034514707331
100034212672413
100034463749240
100034405747990
100033453611204
100034110464270
100034085086860
100025111835903
100034571717524
100029515879153
100032357254655
100033543960652
100032512609103
100024214747829
100026827224335
100028126095058
100026849763955
100034207683484
100028761513693
100028021685133
100027950132724
100033168676024
100030786473355
100032957174445
100031848082652
100021668025576
100034815123073
100030900660532
100028359365967
100032062032722
100025032735372
100018363970656
100033515774634
100031997917397
100028517109243
100030537397846
100033041882198
100022833304768
100031030119824
100027699193927
100022796253459
100033114500384
100029294211365
100012834600182
100023197102927
100014335364193
100033189665852
100033494081202
100033178358467
100032255044356
100032968513923
100024231341450
100017714164780
100027427720179
100031298663998
100027410765506
100025344760283
100009721388272
100026379823047
100016373406072
100031686619950
100033137324025
100014041172140
100005604345862
100028287600225
100012556125463
100028165061849
100031613749638
100033375302202
100006857972485
100030111712225
100031456320303
100029122724139
100031575978743
100033326514092
100032934825674
100029327797737
100033088874563
100033727291075
100016509342396
100024064103560
100033162004651
100032774738923
100030654367339
100030355427640
100028696923553
100033271746208
100021716314006
100031787670597
100033385906381
100030641717958
100033377270650
100032144689021
100033891376455
100033345751869
100033213110819
100030126788758
100032999961228
100028999292696
100023638337774
100029301024001
100033108731434
100031726733490
100003694390110
100031259712747
100014991075090
100032317321341
100030116930730
100032540855828
100025691850040
100029188491325
100023690739963
100018062503172
100032959101149
100033876474237
100031616797838
100034053463239
100029376041433
100022730737150
100030024247956
100011148762198
100034755125836
100033538156004
100031741819927
100032776953487
100025242856781
100034531668902
100014112256988
100033170081844
100023383083858
100027077220763
100034603083807
100034579154345
100033222504375
100033532659935
100028481525978
100034112863817
100025002731242
100031323439979
100012611594690
100029132616180
100034599375977
100030872288191
100032277578816
100030409484625
100034429783552
100033596961528
100016348968297
100027915561829
100033753432745
100026302963644
100026930058838
100032105032183
100030962358382
100029924956539
100032704662685
100033247159520
100028023870808
100033238308136
100034239938967
100033492196501
100026008624402
100016525950372
100023938115581
100034517061001
100015256652450
100025192484331
100023469936973
100027540047040
100031971609115
100031359849447
100032023574240
100025616990618
100034662581933
100034729446592
100022164138574
100025144566315
100032903643067
100009511823020
100033238622746
100023908680643
100033596661351
100033976154536
100015701684712
100030170506528
100034459312265
100024791269296
100031351620260
100029477256597
100033655594030
100010428905758
100034264323141
100033988215280
100008403781831
100033379760593
100018177699445
100034541749815
100012058330789
100014315890079
100023581877915
100026569833988
100023472080690
100034713067066
100034790463549
100031090068415
100034096957987
100022982956281
100034629609856
100031074335929
100034575527110
100014700275578
100032939902575
100024154387909
100032612724269
100033219021324
100013719365740
100022980950978
100032820338530
100029135362099
100033411942789
100033151965066
100033521679727
100034502122772
100033498877304
100023265855766
100022315878081
100033404927320
100031101394260
100033045522080
100033363061006
100033139127581
100030536196034
100008935479046
100026675270802
100029886608808
100025428311243
100029708111999
100015786468254
100029923990453
100023998332245
100013808023450
100019081458899
100032298413118
100030593769742
100029572116180
100014351686617
100028083376833
100028155394081
100033326433498
100030900098083
100033086801725
100032812489866
100009437542013
100025543397776
100031828986822
100029338727655
100029812291880
100031595295016
100032349769719
100023260913478
100028852664264
100009171040700
100032895252628
100028715888692
100032224927409
100032281623818
100013197840222
100012975767381
100033578181215
100029083686735
100026749899151
100033169566553
100018146829558
100033119286472
100033589029968
100032032957084
100032474535838
100032381421041
100022499680863
100033138701295
100024146503511
100033230684331
100032620628119
100029448525274
100030160610469
100032462574056
100033073247313
100024250831164
100033634909421
100027824285386
100033255046282
100013264533707
100033467829172
100031914902791
100009138029622
100030872588880
100027324758614
100025184045805
100016865627972
100031319985415
100023546231642
100023458451704
100007390398960
100033387524057
100030498997856
100033113872966
100024501260855
100033583940405
100029503400001
100032352048326
100030686116229
100033025099588
100026692442593
100033186284435
100032648929897
100033402638767
100033292246175
100032102413802
100023594018249
100030782703675
100027800507105
100032896793792
100026458008944
100032974036850
100018630220273
100023825590863
100032867019885
100033555786016
100033327769345
100030163818730
100033324550793
100033289057761
100025162112729
100033450246526
100033425401714
100030163188970
100033050718047
100034436653579
100034629730889
100033373084988
100023124441771
100028174802285
100033099667410
100026296220416
100033199331716
100031602932086
100033433841146
100029571731127
100033274937428
100013793989150
100033346969004
100030949200355
100033175940547
100027962953735
100033437494035
100033105773023
100033412118428
100011584383207
100034645420924
100033897251466
100032124412835
100033126611767
100033277920972
100033312572438
100033188139137
100033179401399
100033167356304
100025714938206
100029100062656
100033132729095
100015136687648
100029737898516
100033683678747
100033085336192
100033083100985
100032298338580
100033110750232
100033161921413
100011869683386
100008139586186
100032090371142
100028427329735
100008337215976
100030250720095
100017899052044
100025579877679
100033570541292
100033281174504
100021945621615
100032021303652
100034204665173
100023420791063
100008618917787
100030942712206
100023548237324
100033432097892
100030452020173
100033538502737
100033482643344
100033150762217
100033383227172
100026867060824
100031922110634
100032813918814
100033401011801
